Entered: [array([-25600000.,         0.,   3200000.,    300000.,         0.,
               0.]), array([-25600000.,         0.,   3200000.,    400000.,         0.,
               0.]), array([-25600000.,         0.,   3200000.,    500000.,         0.,
               0.]), array([-25600000.,         0.,   3200000.,    600000.,         0.,
               0.]), array([-25600000.,         0.,   3200000.,    700000.,         0.,
               0.])] 

Not entered: [[-25600000.0, 0.0, 3200000.0, 100000.0, 0.0, 0.0], array([-25600000.,         0.,   3200000.,    200000.,         0.,
               0.]), array([-25600000.,         0.,   3200000.,    800000.,         0.,
               0.]), array([-25600000.,         0.,   3200000.,    900000.,         0.,
               0.]), array([-25600000.,         0.,   3200000.,   1000000.,         0.,
               0.])] 

