Entered: [array([-25600000.,         0.,   3200000.,    400000.,         0.,
               0.]), array([-19200000.,         0.,   3200000.,    400000.,         0.,
               0.]), array([-12800000.,         0.,   3200000.,    400000.,         0.,
               0.]), array([-6400000.,        0.,  3200000.,   400000.,        0.,        0.]), array([       0.,        0.,  3200000.,   400000.,        0.,        0.])] 

Not entered: [[-44800000.0, 0.0, 3200000.0, 400000.0, 0.0, 0.0], array([-38400000.,         0.,   3200000.,    400000.,         0.,
               0.]), array([-32000000.,         0.,   3200000.,    400000.,         0.,
               0.]), array([ 6400000.,        0.,  3200000.,   400000.,        0.,        0.]), array([ 12800000.,         0.,   3200000.,    400000.,         0.,
               0.])] 

